99395752
116323821
81586312
-235701012
743365239
2128230701
-1277814690
246145559
628535358
855273746
1318124267
-305179312
786533217
432733105
705143395
-1255347784
-1275226814
-2009722838
981867722
-923088984
494866796
2110041688
-493051473
1249285083
-1379982221
420473080
-1642532491
163842882
-1378182799
-702384832
-532394952
-183163807
552727997
1302486561
-609520537
-1961046099
-1581907337
1913538826
1319699698
-1203021870
-182423204
988422585
2113497004
1234311970
430582574
1232596212
1585145626
-219752612
-697231354
945408572
1768726119
2109473187
552592949
631108382
708578229
-134375033
2019488876
-1395400951
1601194732
-325082670
-1050786453
-1346447358
1410610129
-440644339
363324987
-1446794564
1045696447
-297069493
396533629
1462981117
1772087922
1594377337
165976831
-1677255344
-359621743
-677167908
878647854
442749392
1405460984
-271448102
31972968
970132176
-1119613926
123821839
459900502
-2069844696
-1607644090
2141724739
1835479497
1278323681
-1929912510
-1255992602
1895360511
-991123252
1642701741
-266008933
-1967743928
1347937389
602431586
-318947884
1356662359
1453890729
-1814887000
1937209448
-1544605732
716989053
-1010568750
-1240222446
-986678507
-1616143106
-976235259
768816037
1015545776
1838417872
1188645141
547282364
-1571472432
149371702
-1169314298
-1038557304
1307375944
1280907310
1954835352
509789953
-1933493443
1993518473
-1477563858
-895890586
-1354933624
944969688
479413330
-359621743
-435817905
-981606721
833190513
-1314864135
-652508439
-569941107
1326164945
-1738184811
904434662
905744673
902521196
-2063036701
-1205024243
607846949
1281253102
661332347
-520888198
104189364
1227052603
252728887
-1922044295
1221759509
1037387972
-655683626
1611729805
1144925962
-1666561833
804949239
-459291760
1734609466
-1507567067
2006716043
-1298108480
1782271534
603314
-476231906
-646322113
-629047854
-1351901211
-519765377
-2144363468
-127886975
1139788073
-1235192469
1876585825
-1810847295
-291579889
1629518721
-986816620
-299287097
-1926484046
-873627015
2071993228
516963061
-38580010
1490343308
-632583950
95271369
1476335317
-842192932
105083909
240606739
2121539357
-333791179
-1437701105
-676077969
-2138771289
711742418
728788645
1436966696
86919334
1211608009
2059618623
1975413433
943925975
281559989
-2145085239
-1399433489
1786752597
90680708
-1441956789
-675839242
1020814938
-766957661
119741608
1973665246
74935566
-1723752240
-1807411396
-1612496354
1877797890
-375623619
1483097076
1169183049
1051648103
-438482901
-1492966240
1466912879
-167656799
-1593651747
-895963602
-972810761
1703788174
225632504
-1702393021
892542951
547474373
-374235895
1544230796
517158172
462223993
937999361
1991562061
812385209
1142227528
-1153950306
72005642
-484708885
706602230
-656811182
-332324409
-594256627
-649378830
97604680
-1015932800
-194439630
129457226
-771764544
-617743584
77044418
980692677
476213314
794809961
1157789622
1244636413
1985721423
-1124868062
-335242539
2146763496
-1041180225
-1319025408
917966895
512590457
1678170702
-1466785234
-505448917
255892555
1627330242
-1935525788
-12700016
1770799630
-137295400
-195508437
-2116540786
-38705358
-450254253
-1630354993
-1678298769
-35107086
2055322029
-692947551
-1710631084
89321398
90066852
768231242
-421986013
156312019
-560297467
-1950415971
1842351293
1433417005
-632070065
1103599349
224536051
1038500535
-355305208
-267431135
-759754862
-1200737715
75230260
1668183286
283740897
1424295654
1922032523
-1654229048
-1414475558
-1697334194
-1424036600
-831826827
-759108386
-1022206565
-1225484776
-631002664
2072198544
-466504476
1251810433
1273982002
-978656757
916642917
575613323
1726027799
-587741716
-360566773
-884776764
929825723
240136437
1911253822
-393788031
366524387
443944613
1953726032
-2031183903
545827989
967636089
362091310
2086228042
-1588746893
1427976651
1648531157
938616453
1632780968
2068154487
-1788112745
-644617577
-1822098181
-1131689409
2127152956
1064742722
-693082538
1941381095
903086190
829321644
-1442789563
-2140379067
-1897829998
1047213685
1485257654
-299324825
-1162730477
-1268095485
1118684072
-1616115760
-2054889066
1333537166
-373674173
-106646451
1235070469
2063428236
15831193
-956471263
-1452159623
99432374
727253975
-630493013
552597979
774252049
-329747115
1262005940
979634648
475379699
-878891718
-2125083197
-1151675028
1248917303
-1908556829
1059329877
-1148190371
1467395679
-1528414776
-2117390767
-1944119648
-1748763891
251106693
-1779611449
-1745552996
-1275148624
-178685903
-43161126
671221099
-10974981
1274078387
-336242473
882208493
-687783882
-590892202
-50306417
784872924
1135165421
926501571
579239725
-689902428
-600508822
656868270
-2056503929
-1656695885
331870709
1241049726
998138196
322531336
-401934945
-613216179
-276759139
1862132268
-1738727418
-368490461
1836828108
-1775553655
381100274
2124459909
731374291
-335153896
896412703
191654058
-342262483
5542029
1552860581
1174841451
-1093172228
-1688698891
-1546574541
-256828986
1966198264
2099342476
541087742
-882760066
16202868
987967490
-647318973
-1583478052
1969970750
-1734573358
-1589842876
1822002133
-2006308185
-1702769256
321591353
-923693877
-1547576879
1479202414
1081719753
-166151761
-1231681737
321909464
-1153873472
1095915848
788771792
-1863663974
-1267819858
726817668
-1474875778
5471989
-1457536113
-736276076
-1343070146
538585915
-625364318
1117165781
-1067420240
-1465479343
1232159009
1382324298
-1498185948
483383992
-1249852061
999357577
492290497
400100893
-1252041730
180732787

